Row,Longitude,Latitude,Height
978,-86.825745,40.37915,2250
979,-86.828918,40.379654,2275
980,-86.832317,40.380296,2275
981,-86.835815,40.380936,2250
982,-86.839183,40.381506,2250
983,-86.842866,40.382158,2250
984,-86.846191,40.382629,2225
985,-86.849546,40.383135,2225
986,-86.853394,40.383682,2225
987,-86.856567,40.38414,2200
988,-86.860291,40.384689,2175
989,-86.863647,40.385193,2175
990,-86.867126,40.385742,2125
991,-86.870582,40.386347,2050
992,-86.873596,40.386841,1950
993,-86.877441,40.387436,1825
994,-86.880371,40.387848,1750
995,-86.883753,40.388256,1650
996,-86.887186,40.388675,1575
997,-86.890557,40.389047,1475
998,-86.893738,40.389404,1400
999,-86.896862,40.389699,1325
1000,-86.900269,40.389999,1250
1001,-86.903541,40.390258,1200
1002,-86.906982,40.390686,1160
1003,-86.910158,40.391608,1100
1004,-86.912781,40.392975,1075
1005,-86.914978,40.394852,1075
1006,-86.916462,40.397194,1050
1007,-86.91665,40.399615,1075
1008,-86.915776,40.401849,1075
1009,-86.914278,40.403944,1075
1010,-86.912717,40.405853,1100
1011,-86.911281,40.407342,1075
1012,-86.909851,40.408997,1050
1013,-86.908325,40.410553,1025
1014,-86.90686,40.412018,1025
1015,-86.905538,40.41358,1000
1016,-86.904977,40.415256,975
1017,-86.905273,40.417007,925
1018,-86.906287,40.418887,875
1019,-86.907593,40.420532,850
1020,-86.909221,40.42196,800
1021,-86.911219,40.423031,750
1022,-86.913391,40.423325,700
1023,-86.915526,40.422984,625
1024,-86.917603,40.422134,500
1025,-86.919396,40.421029,450
1026,-86.921082,40.419958,400
1027,-86.922642,40.418887,300
1028,-86.92395,40.418015,200
1029,-86.925763,40.416886,100
1030,-86.927199,40.415955,30
1040,-86.935333,40.410622,0
